  87 114  25
   4  16  48
  71  72  54
  82 106  85
   1  30  20
  80  70  36
  34  64  12
  60 103  79
 119  41  92
  67  70 112
 126  57  74
  84  17  68
   6  52  61
  65  38 100
  96  45  85
  96  97  16
   1  15 122
  74 123  11
 115  50  90
  92  75  72
   4 103  72
 119  69  57
  40  40  63
  32 101  90
  89  96  66
 113  75   0
  33  97  56
  39  38  75
  82  40  98
  49  71 108
   4  55  32
 113  69  68
  55  23  30
  26  73 121
  62   6  62
  60  39  91
  47  77   5
 109  73  48
  27  13 125
  27 118  35
  22  28  22
  91 106   8
 110 100  49
  77  99  59
 100  91  65
  78  14  86
  94 111  49
  95 120  36
  65   1  37
  29  42  46
  87 127  18
 119 120  56
  76  66  12
 121 109 106
  54  54   2
  32 122  30
  64  51  26
  10 113  21
 120 102 102
  89  43 108
   7  35  77
 123 125  12
 101  34  34
 102  79  22
  74  56   6
  48  13  44
  99  52  24
   9  86  76
 114  11  31
  31  80  21
   9   5  83
   2  29  93
   2  20  19
  37  33  81
  64  17  10
  19  25  27
  52  67  99
  43  60  36
  94  45  92
  85   7  63
 118   5  69
  73 103 112
   3 116  28
  97 126  70
  88 104  11
  79  14   3
  67  45 121
  50   0 110
  89  84  94
  88  59  24
  23 104  18
  41  35  44
  19  78   8
 124 111  71
  78  46  88
  98  47 107
  15  14  24
  15  83  26
  95 125  28
  43  66  76
  42  44  13
  62 105  23
  63  58  58
   7  20  81
  84 116  90
 124 115 101
  41   3  53
 115  95 123
 126  29  59
  37  53 114
  42 127  87
  46  93 124
 117   9  81
  31  25  57
   0  68 109
 107  18 105
  82 117 104
 112 118 116
  80 117  39
   8  51  21
  58  47  51
  53  33  86
  55 127  16
  61 107  17
 105  93 111
  61  98  38
  10  83 108
 122  50 110
