   3  19  97
  85 115  11
  66 118  59
 104 112   0
 110  50  75
  32  76  46
  89  66  24
  72 110 117
  51 102  98
  86  74  33
  68  25  48
  36   1  17
  68  27  87
 115 108 127
 113  41 108
 116 113 115
  94 125  83
  32 106  11
  91  81  71
   0  34 126
  59 106  95
  54 123 107
  70  91  58
 107  25  64
 121   6  34
  23  38  10
  92 119  46
  82  55  12
  65  82  44
  84  72  43
  37 111  31
 116  73  30
  17   5  58
 119 102   9
  19  69  24
  45  92 109
  11  73 114
  30 126  73
  48 118  25
  85  60  64
  99  44  49
  14  60  67
  84  78 114
  50 125  29
  63  40  28
  35 100 118
  57  26   5
 103  63  80
  38  55  10
  89 124  40
  43  90   4
  62   8  54
 117 122 104
  84  78  86
  21  92  51
  27  79  48
 107  75 121
  46  60 101
  93  22  32
  20   2  66
  57  41  39
 104  77  94
  51 108 111
  44  47  71
 109  23  39
  28  81  67
   2   6  59
  41  65  85
  12  95  10
  93  96  34
  22 114 122
 101  18  63
 123   7  29
  36  37  31
   9  99  88
  56  80   4
 109   5 106
  61 103 103
  91  53  42
 112 126  55
  94  75  47
  18 113  65
  27 116  28
 125 117  16
  53  29  42
  39   1  67
   9 127  53
 112  12  96
 100 123  74
  49   6 119
  98  50 102
  78  18  22
  54  35  26
  69 111  58
  16  80  61
 124  68  20
  69  87 120
   0  97  97
  90   8  99
  98  74  40
  45 105  88
  71  57 105
  33   8  90
  77  47  77
   3  61  52
 120 101 100
  20  17  76
  23  56  21
  62  14  13
  64  35  76
   7   4 124
  30  93  62
   3  87  79
  14  81  15
  70  36  42
  13   1  15
  15  82  31
  52  83   7
  38  45   2
  33  26  89
 105 127  96
  24  56 122
  52  70 121
  72  21  88
  95 110  49
  83  43  16
  79  37  19
  86  13 120
