H 0.23
2 1.50
3 1.28
4 0.96
5 0.83
C 0.68
N 0.68
O 0.68
9 0.64
10 1.50
11 1.66
12 1.41
13 1.21
14 1.20
15 1.05
S 1.02
17 0.99
18 1.51
19 2.03
20 1.76
21 1.70
22 1.60
23 1.53
24 1.39
25 1.61
26 1.52
27 1.26
28 1.24
29 1.32
30 1.22
31 1.22
32 1.17
33 1.21
34 1.22
35 1.21
36 1.50
37 2.20
38 1.95
39 1.90
40 1.75
41 1.64
42 1.54
43 1.47
44 1.46
45 1.45
46 1.39
47 1.45
48 1.44
49 1.42
50 1.39
51 1.39
52 1.47
53 1.40
54 1.50
55 2.44
56 2.15
57 2.07
58 2.04
59 2.03
60 2.01
61 1.99
62 1.98
63 1.98
64 1.96
65 1.94
66 1.92
67 1.92
68 1.89
69 1.90
70 1.87
71 1.87
72 1.75
73 1.70
74 1.62
75 1.51
76 1.44
77 1.41
78 1.36
79 1.50
80 1.32
81 1.45
82 1.46
83 1.48
84 1.40
85 1.21
86 1.50
87 2.60
88 2.21
89 2.15
90 2.06
91 2.00
92 1.96
93 1.90
94 1.87
95 1.80
96 1.69
97 1.54
98 1.83
99 1.50
100 1.50
101 1.50
102 1.50
103 1.50
104 1.50
105 1.50
106 1.50
107 1.50
108 1.50
109 1.50
110 1.50
111 1.50
112 1.50
113 0.23
114 0.68